35.97738888888889,139.59319444444446:-27.558833333333332,152.2781666666667
43.55,142.05:36.30277777777778,136.3150277777778|37.45,129.165|29.35638888888889,113.12888888888888
34.65,135.0:38.113055555555555,-122.23583333333333|31.491111111111113,120.31194444444444
39.72002777777778,140.1025833333333:36.53827777777778,140.53091666666668|36.06055555555555,103.82666666666667|48.56666666666667,13.466666666666667|45.55,-94.16666666666667|43.13333333333333,131.9
43.05,144.85:-42.842222222222226,147.43861111111113
34.733333333333334,135.4:48.36666666666667,10.9
34.95872222222223,137.08033333333333:-37.85,144.83333333333334|33.69277777777778,-118.00027777777778|55.483333333333334,9.466666666666667
40.82233333333334,140.73072222222223:24.816666666666666,120.98333333333333|46.9075,19.691666666666666|36.992222222222225,127.11277777777777
34.05,135.21666666666667:28.2925,117.24527777777777|-12.493888888888888,130.98166666666665
33.210638888888894,129.8490277777778:29.291666666666668,117.19861111111112|51.166666666666664,13.483333333333333
35.333333333333336,134.85:45.305,-122.96722222222222|44.9,-76.25
43.766666666666666,142.36666666666667:40.48416666666667,-88.99361111111111|45.7575,126.64083333333333|31.40222222222222,130.30305555555557|40.51222222222222,-88.98861111111111|37.266666666666666,127.01666666666667
34.52472222222222,133.5875:28.441111111111113,115.3611111111111|-34.833333333333336,138.68333333333334
36.34016666666667,139.44972222222222:35.319722222222225,139.5525|35.415,116.58722222222222|39.79944444444444,-89.655
34.72777777777778,135.30333333333334:34.01444444444444,-118.11444444444444
35.09597222222222,139.07155555555556:33.27952777777778,131.50002777777777|38.7,-9.416666666666666|43.8175,7.775|22.271666666666665,113.57694444444444
35.43333333333333,139.36666666666667:37.35,126.95|41.675,-72.78722222222223|32.394444444444446,119.41277777777778
35.3,135.26666666666668:31.65611111111111,120.75305555555556|31.783333333333335,35.21666666666667
33.27952777777778,131.50002777777777:51.38333333333333,-2.3666666666666667|-38.083333333333336,176.26666666666668|37.46472222222223,121.44777777777779
35.60727777777778,140.1063611111111:-25.3,-57.63333333333333|29.762777777777778,-95.38305555555554|49.31666666666667,-123.06666666666666|14.633333333333333,121.03333333333333|39.13361111111111,117.20527777777778|31.13861111111111,120.64527777777778
35.99177777777778,139.08547222222222:38.005,-121.80583333333333|37.75,128.9|-33.75,151.28333333333333|15.797222222222222,104.14305555555556
35.333333333333336,139.4:21.306944444444444,-157.85833333333332
42.81666666666667,141.65:61.21666666666667,-149.9|31.252777777777776,130.63305555555556|59.58222222222223,9.6775
35.5,133.5:33.50333333333333,-117.1236111111111|38.06666666666667,128.61666666666667
33.516666666666666,130.51666666666668:36.28194444444444,126.91250000000001
43.1,141.53333333333333:45.50361111111111,-122.43944444444445
44.93333333333333,142.58333333333334:63.166666666666664,17.266666666666666
35.16133333333333,138.67627777777776:30.746944444444445,120.75611111111111|33.211666666666666,-117.32583333333334
34.867416666666664,138.2577222222222:-33.75,150.7|37.785,127.04583333333333
35.49725,138.75494444444445:46.016666666666666,7.75
35.85655555555556,139.54916666666668:44.75,19.7
35.22211111111111,138.62161111111112:35.12833333333333,136.09805555555556|34.02194444444444,-118.48138888888889|30.051111111111112,120.58333333333333|36.80583333333333,128.6238888888889
35.35,139.46666666666667:36.333333333333336,126.61666666666666|25.04638888888889,102.70944444444444|36.238,137.97197222222223|25.813025,-80.13406388888889|42.28333333333333,-83.0
36.19747222222222,139.28150000000002:37.54833333333333,-121.98861111111111|40.15,116.6613888888889
36.064055555555555,136.21958333333333:33.88,-117.92861111111111|30.266944444444444,120.15305555555557|32.78333333333333,130.73333333333332|40.486666666666665,-74.44444444444444
33.583333333333336,130.4:33.755,-84.39|-36.84055555555556,174.73999999999998|44.833333333333336,-0.5833333333333334|35.166666666666664,129.06666666666666|23.131944444444446,113.26611111111112|4.597222222222222,101.075|37.80444444444444,-122.27083333333333
34.750166666666665,137.92466666666667:45.516666666666666,-122.98333333333333
34.483333333333334,133.36666666666667:43.25666666666667,-79.86916666666666|20.883333333333333,-156.65|34.95433333333334,137.1743611111111|36.032222222222224,129.36499999999998|11.233333333333333,125.0
35.69455555555555,139.98255555555556:37.66888888888889,-122.08083333333333|55.395833333333336,10.377500000000001|34.265,108.9538888888889
43.35,142.38333333333333:34.99027777777778,134.97222222222223|47.39416666666666,13.689166666666667
35.42322222222222,136.76077777777778:-22.90083333333333,-47.05722222222222|39.1,-84.51666666666667|30.266944444444444,120.15305555555557|48.16166666666666,16.321666666666665|48.382222222222225,-89.2461111111111
35.30869444444444,138.9346111111111:45.48694444444445,-122.80361111111111|39.9375,-77.66111111111111
34.55,135.6:48.18138888888889,16.258055555555554
40.512277777777776,141.48838888888886:47.31666666666667,-122.35
35.36666666666667,139.21666666666667:37.86666666666667,126.8|29.676111111111112,-95.1738888888889
34.4,131.4:34.79833333333333,126.7|35.319722222222225,139.5525|34.67952777777778,138.94530555555556|47.71944444444445,8.318055555555555|35.55,129.31666666666666|37.39055555555556,136.89916666666667
41.766666666666666,140.73333333333332:37.65,126.8|44.6475,-63.59055555555556|-33.03333333333333,151.63333333333333|43.13333333333333,131.9|46.96666666666667,142.73333333333332
35.18333333333333,139.03333333333333:52.87305555555555,-118.08222222222221|-38.70111111111111,175.98305555555555
34.71083333333333,137.7275:45.59111111111111,-122.41222222222223|46.66,-122.96333333333334|30.266944444444444,120.15305555555557|36.06861111111112,-119.0275|43.16555555555556,-77.61138888888888
39.38861111111111,141.11691666666667:47.94277777777778,16.103611111111114|34.49722222222222,-93.05527777777777|43.60888888888889,-72.97972222222222
35.85566666666667,139.3277222222222:33.92333333333333,-117.8888888888889
36.17263888888888,139.54847222222222:16.415277777777778,120.59555555555555|50.353611111111114,5.460555555555556
35.2725,139.5861111111111:-35.016666666666666,138.51666666666668|36.620694444444446,138.59608333333335
34.88469444444444,136.99341666666666:47.80694444444444,-122.34666666666666|44.86666666666667,13.85|43.0,141.78333333333333
35.907805555555555,139.33908333333335:37.14972222222222,127.07722222222222
43.7,142.51666666666668:51.08361111111111,-115.36805555555554|57.88333333333333,25.333333333333332
35.75461111111111,139.4685:39.07972222222222,-94.40666666666667|37.371916666666664,138.559|33.64805555555556,116.96388888888889
35.11666666666667,136.2:36.28194444444444,126.91250000000001|46.546388888888885,-87.40666666666667|60.88333333333333,15.133333333333333|49.78472222222222,-112.15083333333334
34.67944444444444,135.60083333333333:34.14611111111111,-118.255|52.516666666666666,13.366666666666667
35.266666666666666,136.26666666666668:42.28138888888889,-83.74833333333333
34.81666666666667,134.68333333333334:-34.93333333333333,138.6|35.270833333333336,128.66305555555556|50.4,4.433333333333334|-25.416666666666668,-49.25|36.238,137.97197222222223|33.45,-112.06666666666666|37.87027777777778,112.54972222222221|35.5,134.23333333333332
35.671277777777775,139.39513888888888:34.05472222222222,-117.1825|39.55438888888889,141.15547222222222
34.81666666666667,135.65:31.220555555555553,121.42472222222223|-27.639166666666664,153.10944444444445|34.79833333333333,126.7
35.31666666666667,139.35:38.97166666666667,-95.23527777777778
34.38333333333333,132.45:29.56361111111111,106.55027777777778|35.86666666666667,128.6|52.36666666666667,9.716666666666667|21.306944444444444,-157.85833333333332|45.50888888888889,-73.56166666666667|48.7,44.516666666666666
36.59913888888889,140.6515:33.51861111111111,-86.81027777777777|36.405166666666666,139.49724999999998|-37.68333333333333,176.16666666666666
34.81638888888889,135.5686111111111:44.981944444444444,-93.26916666666666|34.483333333333334,134.23333333333332
35.49805555555556,140.11544444444445:30.694444444444446,-88.04305555555555
38.93472222222222,141.12658333333334:-23.522222222222222,148.16166666666666
35.721916666666665,139.93105555555556:33.89361111111111,-118.30777777777777|48.823888888888895,2.27|29.551944444444445,103.76611111111112|3.5833333333333335,98.66666666666667|47.85,12.133333333333333
33.65,130.68333333333334:37.37111111111111,-122.0375
34.06666666666667,133.0:28.041111111111114,-81.9588888888889|34.416666666666664,133.2|36.29113888888889,139.3753888888889|8.983333333333333,-79.51666666666667
35.264722222222225,136.79691666666668:37.63805555555555,21.63
35.83580555555556,139.3911388888889:38.07,138.3875|47.913333333333334,11.427777777777777
32.85,130.06666666666666:35.448055555555555,-84.60194444444444
35.38333333333333,139.3:33.90222222222222,-118.00972222222222
36.31136111111111,139.19680555555556:37.21527777777778,-93.29833333333333
34.78333333333333,135.4:23.02138888888889,113.12166666666666|50.93,5.3374999999999995|32.9,129.95833333333331
34.965722222222226,139.1018611111111:40.79,48.151944444444446|51.38333333333333,0.5333333333333333|42.4,12.866666666666667|36.039138888888886,138.11402777777778
37.0505,140.8877222222222:22.066666666666666,-159.65|32.583333333333336,131.66666666666666|-19.257638888888888,146.81790277777776|39.38586111111111,140.04883333333333
34.15,132.18333333333334:47.97916666666667,-122.20166666666667|-23.18638888888889,-46.88388888888889|35.5,134.23333333333332
34.71788888888889,137.85152777777776:16.033333333333335,120.33333333333333|37.38944444444444,-122.08194444444445
34.97652777777778,138.94680555555556:49.38583333333333,-121.44194444444445|49.5,-117.28333333333333
32.083333333333336,130.35:23.966666666666665,120.96666666666667|34.95055555555556,127.4875
34.483333333333334,135.41666666666666:44.83361111111111,-93.31
35.36666666666667,132.76666666666668:64.26666666666667,23.95|37.35444444444445,-121.96916666666667
37.14786111111111,138.2360833333333:35.44925,137.41283333333334|35.776472222222225,138.4236388888889|42.863055555555555,130.3661111111111|36.222944444444444,139.61030555555556|42.97888888888889,140.50916666666666|48.013333333333335,15.598055555555556|42.31666666666667,140.96666666666667|36.032222222222224,129.36499999999998|34.97555555555556,138.3827777777778|36.40188888888889,138.24908333333332|37.92225,140.1167777777778
34.85305555555556,135.78:35.81666666666667,128.73333333333332|45.63333333333333,-122.6
31.6,130.55:28.228055555555553,112.9388888888889|25.775277777777777,-80.2088888888889|40.833333333333336,14.25|-31.95,115.85|38.727222222222224,139.82666666666665
36.71980555555556,136.70669444444442:47.99277777777778,9.112499999999999
35.398805555555555,136.84841666666668:37.86666666666667,127.73333333333333
34.76869444444444,137.99841666666666:42.14805555555556,-77.05694444444444|44.051944444444445,-123.08666666666666|37.48972222222222,127.9875|39.14447222222222,141.13913888888888|43.916666666666664,12.9
34.75,134.83333333333334:-36.84055555555556,174.73999999999998|25.275,110.2961111111111|-23.4,-51.916666666666664
35.319722222222225,139.5525:36.34016666666667,139.44972222222222|40.14222222222222,94.66194444444444|34.4,131.4|36.166666666666664,-86.78333333333333|43.70333333333333,7.266388888888889|36.40188888888889,138.24908333333332
35.016666666666666,135.56666666666666:-23.52777777777778,-46.90277777777778|47.215,14.829444444444444|36.11611111111111,-97.05888888888889
37.66630555555555,139.0402222222222:50.56666666666667,137.0|36.81388888888888,118.05499999999999
35.11402777777778,140.0988888888889:44.09638888888889,-87.67500000000001|35.46666666666667,138.45
36.561055555555555,136.65641666666667:42.90472222222222,-78.84944444444444|51.05361111111111,3.725277777777778|52.28333333333333,104.28333333333333|35.81666666666667,127.15|48.69361111111111,6.184722222222223|-30.033055555555556,-51.230000000000004|31.299722222222226,120.58527777777778
35.088944444444444,138.95338888888887:36.72361111111111,-120.06
33.45,129.96666666666667:32.394444444444446,119.41277777777778|34.733333333333334,127.73333333333333
35.867583333333336,139.97575:35.43333333333333,139.43333333333334|-34.05,150.7|40.95305555555556,117.96305555555556|13.5,144.8|33.834722222222226,-118.34138888888889
35.2475,136.97222222222223:49.88805555555555,-119.49555555555555
35.97525,139.75227777777778:-25.29125,152.83091666666667|29.676111111111112,-95.1738888888889
34.46666666666667,135.56666666666666:39.96666666666667,-86.1
35.92513888888889,139.48577777777777:46.95166666666667,4.299444444444444|42.7,143.13333333333333|35.495666666666665,135.7466111111111|50.1,8.8|44.939166666666665,-123.03944444444444|37.02986111111111,140.37958333333333
35.516666666666666,139.7:39.28333333333333,-76.61666666666666|45.327065000000005,14.442176111111111|41.80472222222222,123.43388888888889|-34.416666666666664,150.88333333333333
34.26638888888889,135.36527777777778:37.38305555555556,117.97111111111111|33.249722222222225,126.56
36.405166666666666,139.49724999999998:45.56666666666667,8.066666666666666|32.492222222222225,-84.94027777777778|36.59913888888889,140.6515|34.166666666666664,134.61666666666667
34.46666666666667,135.36666666666667:23.35388888888889,116.68194444444445|37.65611111111111,-122.42555555555556|37.52638888888889,126.8963888888889
39.28675,141.11322222222222:37.97805555555556,-122.03111111111112|34.77333333333333,111.20027777777779|38.05658333333333,140.76583333333335
33.88333333333333,130.88333333333333:38.913888888888884,121.61472222222221|20.86513888888889,106.68383333333334|37.483333333333334,126.63333333333334|36.916666666666664,-76.2|11.569444444444445,104.92111111111112|47.24138888888889,-122.45944444444444
43.8,143.9:54.12305555555555,-114.40194444444445|40.66638888888889,-74.19361111111111|35.2,128.08333333333334|33.56666666666667,133.53333333333333|37.91144444444444,140.76538888888888|33.5,133.28333333333333
35.19980555555555,136.8528611111111:36.681666666666665,-6.137777777777778
34.733333333333334,135.81666666666666:34.02194444444444,-118.48138888888889
34.69,135.19555555555556:41.38333333333333,2.183333333333333|-27.466666666666665,153.11666666666667|37.483333333333334,126.63333333333334|43.296388888888885,5.369999999999999|56.94888888888889,24.10638888888889|-22.90833333333333,-43.19638888888888|47.609722222222224,-122.33305555555555|39.13361111111111,117.20527777777778
33.56666666666667,133.53333333333333:36.75,-119.76666666666667|43.8,143.9|-7.245833333333334,112.73777777777778|31.352500000000003,118.43305555555555
35.66213888888889,138.56822222222223:30.65694444444444,104.06611111111111|41.590833333333336,-93.62083333333332|43.3,-0.36666666666666664|34.65,135.78333333333333
34.96666666666667,136.16666666666666:42.836111111111116,-84.57555555555555|37.266666666666666,127.43333333333334|42.27055555555555,-84.96000000000001|44.768055555555556,-85.62222222222222
35.71094444444445,139.46216666666666:38.07,138.3875|-35.0,138.55194444444444
35.291,136.91211111111113:37.38333333333333,126.93333333333334|42.20861111111111,-83.16250000000001
36.40833333333333,136.44552777777778:54.95,-1.6|35.415,116.58722222222222|-23.54277777777778,-46.31083333333333|50.93333333333333,4.416666666666667
34.718444444444444,137.53161111111112:-28.778888888888886,114.60694444444444
35.89113888888889,139.79091666666667:-34.06666666666667,150.81666666666666
40.19047222222222,141.77566666666667:55.75,21.166666666666668
36.062083333333334,139.66680555555556:43.21805555555556,-123.3561111111111
36.14738888888889,139.3886388888889:-46.41305555555555,168.3475
32.78333333333333,130.73333333333332:36.064055555555555,136.21958333333333|25.275,110.2961111111111|49.416666666666664,8.716666666666667|29.425,-98.49388888888889
34.583333333333336,133.76666666666668:-43.53,172.62027777777777|39.099722222222226,-94.57833333333333|48.2,15.616666666666667|32.18805555555555,119.4238888888889
34.25,132.56666666666666:47.57,-122.6525|35.270833333333336,128.66305555555556|25.133333333333333,121.73333333333333|36.516666666666666,-4.883333333333333|27.99388888888889,120.69916666666667
33.31666666666667,130.51666666666668:31.820555555555554,117.22722222222222|37.66138888888889,-120.99444444444444
36.620694444444446,138.59608333333335:48.96666666666667,9.133333333333333|35.2725,139.5861111111111|50.230555555555554,12.8725|47.11027777777778,11.305833333333334|-36.231944444444444,149.13
35.016666666666666,135.96666666666667:34.096111111111114,133.68527777777777|42.64611111111111,-83.2925
33.46666666666667,135.78333333333333:33.7475,-116.97194444444445|36.8,34.63333333333333|-10.583333333333334,142.2|41.62222222222222,35.53138888888889
42.983333333333334,144.38333333333333:49.266666666666666,-122.96666666666667|47.05,142.05|53.016666666666666,158.65|35.5,134.23333333333332|39.16408333333333,140.49483333333333
35.166666666666664,135.41666666666666:-33.416666666666664,150.78333333333333
35.61666666666667,135.13333333333333:33.84638888888889,115.7786111111111
35.01166666666666,135.76833333333335:42.35805555555556,-71.06361111111111|50.936388888888885,6.952777777777778|43.78333333333333,11.25|20.67666666666667,-103.3475|50.45,30.523333333333333|50.083333333333336,14.416666666666666|34.265,108.9538888888889|45.81666666666667,15.983333333333333
36.3895,139.06341666666668:33.51861111111111,-86.81027777777777
35.46666666666667,135.38333333333333:38.913888888888884,121.61472222222221|42.81666666666667,132.86666666666667|50.80583333333333,-1.087222222222222
34.28333333333333,133.8:42.85,140.88333333333333|43.32138888888889,-1.9855555555555555|31.87666666666667,120.55611111111111
35.787638888888885,139.90316666666666:-37.833333333333336,145.15
35.46666666666667,133.05:43.838055555555556,126.54972222222221|29.95,-90.08333333333333|35.3325,136.90780555555557|34.416666666666664,133.2|37.43633333333333,137.26047222222223|34.8,135.36666666666667|38.471944444444446,106.25888888888889
36.238,137.97197222222223:35.35,139.46666666666667|46.61666666666667,8.033333333333333|34.81666666666667,134.68333333333334|27.71722222222222,85.32388888888889|39.538333333333334,116.68361111111112|40.76083333333333,-111.89111111111112|36.146027777777775,137.25216666666665
33.333333333333336,129.71666666666667:-21.141111111111112,149.18555555555557
33.833333333333336,132.76666666666668:47.983333333333334,7.85|38.58166666666667,-121.49444444444444
37.440999999999995,140.49258333333333:45.498333333333335,-91.7388888888889
34.79361111111111,134.99305555555554:-35.56666666666667,146.3|36.31666666666667,-119.3
32.21666666666667,130.4:-41.20777777777778,146.31361111111113
35.31666666666667,139.1:51.55,5.083333333333333
37.065527777777774,138.87608333333336:-43.90555555555555,171.74555555555554|61.11666666666667,10.466666666666667|46.96666666666667,11.0
35.60830555555556,138.46502777777778:37.230916666666666,136.91227777777777|42.041666666666664,-92.91444444444446|27.094444444444445,142.19194444444446|43.7,144.03333333333333|41.33583333333333,-94.01388888888889
34.833333333333336,135.46666666666667:18.91861111111111,-99.23416666666667|-41.21666666666667,174.91666666666666
35.44022222222222,137.01566666666668:-32.25,148.6
35.1185,138.91855555555554:28.468055555555555,119.92305555555556|-39.05777777777777,174.07416666666666|34.15611111111111,-118.13194444444444
36.365833333333335,140.47125:33.836111111111116,-117.88972222222223
35.15,139.61666666666667:-38.46666666666667,142.46666666666667
31.916666666666668,131.41666666666666:36.48444444444444,127.71861111111112|34.516666666666666,135.8|40.711111111111116,120.83694444444444|36.85,-75.97777777777777|42.37027777777778,-87.8711111111111
35.53333333333333,135.2:26.459166666666665,-80.08305555555555|-41.270833333333336,173.2838888888889|39.888333333333335,119.52027777777778
35.828388888888895,139.52647222222222:3.0972222222222223,101.64444444444445
34.02602777777778,133.8071666666667:45.60111111111111,-121.18277777777779|47.47833333333333,-122.27555555555556
35.428527777777774,140.28805555555556:-34.76722222222222,138.58583333333334
44.35,143.35:46.63333333333333,142.76666666666668|44.6,-124.05
34.737500000000004,135.56416666666667:49.206944444444446,-122.91111111111111
39.702083333333334,141.1545:48.42833333333333,-123.36472222222221
34.95,135.7:37.2725,-122.01944444444445
33.8,130.53333333333333:35.23416666666667,128.88111111111112
38.483333333333334,140.38333333333333:62.03333333333333,129.73333333333332
42.31666666666667,140.96666666666667:37.14786111111111,138.2360833333333|35.961666666666666,-83.92333333333333|34.97555555555556,138.3827777777778
37.025194444444445,138.25352777777778:47.08027777777778,9.919166666666666|46.50935833333333,15.079158333333334|47.07666666666667,9.900833333333333|46.016666666666666,7.75
35.38333333333333,136.28333333333333:48.36666666666667,10.9|45.43861111111111,10.992777777777777
35.13766666666667,138.89716666666666:-39.93333333333333,175.05
35.184,137.04869444444444:50.71746944444445,4.397911111111111
36.64861111111111,138.19472222222223:27.973611111111108,-82.76416666666667|38.03777777777778,114.53027777777778
37.446194444444444,138.85125:32.75,-97.33333333333333|21.306944444444444,-157.85833333333332|46.7,6.466666666666667|-17.833333333333332,-149.28333333333333|49.75,6.633333333333333
34.93333333333333,135.7:42.415277777777774,-71.15694444444445|29.860277777777778,121.62444444444444
32.78333333333333,129.86666666666667:26.074166666666667,119.29638888888888|52.166666666666664,4.483333333333333|41.16214166666666,-8.621952777777778|44.94416666666666,-93.0936111111111|-23.936944444444446,-46.325|49.30305555555555,-0.7008333333333333
34.37222222222222,131.18333333333334:43.58527777777778,39.72027777777778
35.18333333333333,136.9:34.05,-118.25|19.433333333333334,-99.13333333333334|32.061388888888885,118.76361111111112|49.26277777777778,4.034722222222222|-33.86666666666667,151.2|45.07916666666667,7.676111111111111
26.21222222222222,127.67916666666667:26.074166666666667,119.29638888888888|21.306944444444444,-157.85833333333332|31.616666666666667,131.31666666666666|-23.96333333333333,-46.39222222222222
35.1,135.46666666666667:-46.24,169.73694444444442|14.595833333333333,120.97722222222222
34.68333333333333,135.8:-35.293055555555554,149.12694444444446|35.85,129.21666666666667|37.400444444444446,140.35972222222222|35.495666666666665,135.7466111111111|39.85666666666667,-4.024444444444445|48.80472222222222,2.120277777777778|34.265,108.9538888888889|32.394444444444446,119.41277777777778
35.680388888888885,140.02650000000003:33.20666666666667,-87.53472222222221
35.776666666666664,140.31833333333333:-40.47166666666667,175.28583333333333|37.625277777777775,-122.42527777777778|34.330000000000005,108.7088888888889
34.166666666666664,134.61666666666667:36.405166666666666,139.49724999999998|53.2525,10.414444444444445
36.96172222222223,140.04605555555554:36.39669444444444,140.53466666666665|48.3,14.283333333333333|36.764361111111114,137.34116666666668|35.7935,139.56530555555557
34.766666666666666,135.63333333333333:37.07083333333334,-76.48444444444445|43.45,-79.68333333333334
31.616666666666667,131.31666666666666:-35.022777777777776,117.88138888888888|35.37861111111111,136.9445|26.21222222222222,127.67916666666667|43.07555555555556,-70.76055555555556
37.91611111111111,139.0363888888889:48.8,132.93333333333334|29.28111111111111,-94.82583333333334|45.7575,126.64083333333333|48.483333333333334,135.08333333333334|53.751666666666665,-0.34305555555555556|47.21805555555556,-1.5527777777777778|43.13333333333333,131.9
35.7935,139.56530555555557:35.066944444444445,112.60194444444444|62.234722222222224,25.734722222222224|36.96172222222223,140.04605555555554|52.933055555555555,12.8|37.13333333333333,138.75
36.719833333333334,139.69816666666668:35.666444444444444,139.316|35.25,139.15|44.07611111111112,-103.22805555555556|42.63333333333333,141.6
34.73759722222222,135.34156388888889:30.051111111111112,120.58333333333333|47.65888888888889,-117.42500000000001
30.683333333333334,131.01666666666668:32.05722222222222,130.61305555555555|37.0825,-8.911944444444444
34.833333333333336,137.06666666666666:-41.13333333333333,174.85
32.583333333333336,131.66666666666666:37.0505,140.8877222222222|39.09861111111111,121.72027777777778|42.41833333333333,-71.10666666666665|36.16694444444444,136.23144444444443
34.166666666666664,135.63333333333333:49.1475,20.2275
35.09558333333334,138.86344444444444:42.29,-85.58583333333333|29.35638888888889,113.12888888888888
35.495666666666665,135.7466111111111:35.85,129.21666666666667|35.92513888888889,139.48577777777777|34.68333333333333,135.8
42.916666666666664,143.2:43.07472222222223,-89.38416666666667|60.12444444444444,-149.43333333333334
35.18333333333333,132.5:36.35111111111111,127.385
35.25,139.15:32.62777777777778,-117.04805555555555|35.666444444444444,139.316|36.719833333333334,139.69816666666668|36.11833333333333,139.19297222222224
35.35936111111111,136.6128611111111:-37.733333333333334,145.05|36.60111111111111,114.48694444444445|31.611666666666668,130.37305555555557
35.308611111111105,139.3127777777778:39.75944444444445,-84.19166666666668|42.726111111111116,-87.80583333333333
33.233333333333334,131.60666666666665:30.26722222222222,-97.74305555555556|40.63333333333333,-8.65|30.593333333333334,114.30472222222222
36.06711111111112,138.04930555555555:43.59777777777778,-84.7675
34.65,133.91666666666666:34.61972222222222,112.4538888888889|42.15,24.75|9.933333333333334,-84.08333333333333|37.333333333333336,-121.9
34.95433333333334,137.1743611111111:33.61666666666667,-117.89750000000001|58.35,11.916666666666666
26.334166666666665,127.80555555555556:47.166666666666664,-122.53333333333333|35.02305555555555,136.90219444444446|34.78333333333333,135.46666666666667|37.92225,140.1167777777778
36.2,133.31666666666666:51.68333333333333,17.433333333333334
34.63794444444444,138.12808333333334:37.0,129.4
35.12833333333333,136.09805555555556:35.22211111111111,138.62161111111112|42.961111111111116,-85.65555555555557|41.8,140.11666666666667|39.31111111111111,-94.9225|45.156388888888884,10.791666666666666|41.43333333333333,140.11666666666667|35.5,128.75
32.9,129.95833333333331:34.78333333333333,135.4|37.495555555555555,-122.26666666666667|39.70166666666667,140.7315|38.799166666666665,-9.388333333333334
34.693888888888885,135.50222222222223:41.88194444444444,-87.62777777777777|53.56527777777777,10.001388888888888|-37.81361111111111,144.96305555555554|45.466944444444444,9.19|59.9375,30.308611111111112|-23.55,-46.63333333333333|31.22861111111111,121.47472222222223
38.577111111111115,140.95558333333332:32.5375,-82.91833333333334|34.77294166666667,113.71933888888888|39.5,-84.38333333333334|35.712500000000006,139.78|33.21666666666667,132.56666666666666
34.75013888888889,139.3555:19.583333333333332,-155.5
39.14447222222222,141.13913888888888:47.48888888888889,10.727777777777778|-36.38333333333333,145.4|34.76869444444444,137.99841666666666|47.483333333333334,10.716666666666667
36.29113888888889,139.3753888888889:34.180277777777775,-118.32833333333333|34.06666666666667,133.0|40.41722222222222,-86.8786111111111|40.38333333333333,-86.88333333333334|40.44194444444444,-86.91250000000001
43.18333333333333,141.0:-45.86666666666667,170.5|37.54861111111111,126.85083333333333|42.81666666666667,132.86666666666667
35.016666666666666,135.85:36.11944444444445,128.34444444444446|46.68333333333333,7.85|42.73361111111111,-84.54666666666667|44.55138888888889,129.6327777777778|49.78333333333333,9.933333333333334
35.360083333333336,138.98727777777776:49.041666666666664,-122.24472222222222
42.81666666666667,140.53333333333333:47.426944444444445,12.848333333333334
43.93333333333333,141.63333333333333:51.833333333333336,107.6
33.266666666666666,130.3:45.11472222222223,-0.7297222222222223|43.31222222222222,-73.64833333333334|34.59666666666667,119.2213888888889|43.56666666666667,-73.83333333333333|35.175555555555555,129.07944444444445
38.380916666666664,140.27602777777778:36.55916666666666,128.7288888888889|40.915277777777774,38.38944444444444|35.376666666666665,139.38472222222222
35.56666666666667,139.36666666666667:31.491111111111113,120.31194444444444
32.96666666666667,131.9:-23.85,151.25
35.86138888888889,139.64555555555555:-37.78333333333333,175.28333333333333|49.16416666666667,-123.9363888888889|40.439722222222215,-79.97638888888889|37.53333333333333,-77.46666666666667|19.2925,-99.65694444444445|34.763888888888886,113.68388888888889
35.95725,139.4030277777778:31.22722222222222,-85.40722222222223
34.57333333333334,135.48305555555555:37.87166666666667,-122.27277777777778|34.59666666666667,119.2213888888889|-41.288888888888884,174.77722222222224
36.248805555555556,138.47694444444446:47.490833333333335,3.9091666666666667|59.3,24.666666666666668
34.516666666666666,135.85:48.45611111111111,1.483888888888889
34.88333333333333,135.23333333333332:-33.7,150.3|33.51277777777778,126.52333333333333|47.11666666666667,-120.68333333333334
34.32,134.17944444444444:47.85,16.516666666666666
43.06666666666667,141.35:36.35111111111111,127.385|48.13333333333333,11.566666666666666|55.05,82.95|45.519999999999996,-122.68194444444445|41.80472222222222,123.43388888888889
33.18333333333333,129.71666666666667:35.11083333333333,-106.61|-30.316666666666666,153.11666666666667|33.233333333333334,131.18333333333334|37.86666666666667,126.8|24.47972222222222,118.08888888888889
35.85297222222222,139.41219444444445:34.833333333333336,128.41666666666666|40.09138888888889,-83.02083333333333
34.766666666666666,135.78333333333333:35.21666666666667,-97.43333333333334
38.26822222222222,140.86941666666667:16.863611111111112,-99.8825|43.89694444444444,125.3261111111111|32.77916666666667,-96.80888888888889|35.166666666666664,126.91666666666667|53.9,27.566666666666666|48.11472222222223,-1.6794444444444443|33.948055555555555,-117.39611111111111
35.22358333333334,137.08419444444445:37.266666666666666,127.43333333333334|45.83527777777778,1.2625|36.45416666666667,10.73472222222222
34.666666666666664,134.1:44.016666666666666,142.15|39.1,26.55|34.2,129.28333333333333
34.77722222222222,135.56222222222223:32.91694444444444,117.3888888888889|-24.832680555555555,152.45991388888888
36.38944444444444,139.06333333333333:45.36027777777778,11.79|42.95,12.7|19.583333333333332,-155.5
34.74,135.63944444444445:51.266666666666666,6.666666666666667
34.83627777777778,138.19272222222222:46.75,8.033333333333333|30.89388888888889,120.08694444444444|37.93583333333333,-122.34777777777778
35.099000000000004,138.90286111111112:49.70166666666667,-123.1588888888889
34.67952777777778,138.94530555555556:34.4,131.4|41.488055555555555,-71.3125|36.646027777777775,139.04416666666665
33.95,130.93333333333334:35.166666666666664,129.06666666666666|41.01361111111111,28.955|38.028055555555554,-121.88472222222222|36.066944444444445,120.38277777777778|-23.936944444444446,-46.325
37.126305555555554,140.21091666666666:49.415,2.8230555555555554
34.97555555555556,138.3827777777778:43.55138888888889,7.012777777777778|37.14786111111111,138.2360833333333|42.31666666666667,140.96666666666667|41.25,-96.0|39.52194444444444,-85.77638888888889|37.97555555555556,-121.30083333333333
34.05,131.8:53.333333333333336,6.916666666666667|-23.7,-46.55|-19.257638888888888,146.81790277777776
35.43,139.95441666666665:-26.9,-48.666666666666664
35.825388888888895,139.80533333333335:36.098888888888894,114.39194444444445|33.83972222222222,-118.25972222222222
36.025777777777776,139.7367222222222:-33.64805555555556,115.3461111111111
34.75944444444445,135.51694444444445:-34.916666666666664,151.03333333333333|6.799072222222222,79.87667777777777
34.35,134.9:19.583333333333332,-155.5|60.0,29.766666666666666|40.867777777777775,-84.58333333333333
35.173944444444444,138.9067777777778:-38.13333333333333,145.16666666666666
34.881972222222224,136.58416666666668:40.36083333333333,-83.75805555555556|48.007777777777775,0.1983333333333333
34.35,134.05:28.68305555555556,115.85805555555555|27.773055555555555,-82.64|47.243611111111115,0.6891666666666667
34.8,135.36666666666667:48.22527777777778,16.356944444444444|33.46666666666667,-81.96666666666667|35.46666666666667,133.05
36.32188888888889,139.00327777777778:42.31222222222222,-85.20416666666667|14.383333333333333,121.05|49.7475,13.377500000000001|-23.65722222222222,-46.53333333333333
34.85,135.61666666666667:31.811111111111114,119.9738888888889|34.666666666666664,131.85|14.595833333333333,120.97722222222222|-27.575166666666668,151.946875|35.548944444444444,135.90816666666666
36.146027777777775,137.25216666666665:39.73916666666667,-104.99027777777778|25.04638888888889,102.70944444444444|26.85527777777778,100.22583333333334|36.238,137.97197222222223
35.072500000000005,135.22194444444446:46.065,-118.33027777777778
34.48861111111111,133.94861111111112:42.615833333333335,-70.66250000000001|29.66111111111111,115.9538888888889|34.833333333333336,128.41666666666666
36.24483333333333,139.5421111111111:31.321944444444444,120.985|-26.626944444444444,152.95916666666665
34.996583333333334,139.86997222222223:48.75194444444445,-122.4786111111111|-32.75,151.91666666666666
35.81761111111111,139.67791666666665:34.79805555555556,114.31416666666667|-33.93333333333333,150.91666666666666
35.02305555555555,136.90219444444446:39.27580555555556,141.88569444444443|-37.35,144.61666666666667|40.28333333333333,28.95|26.334166666666665,127.80555555555556|37.92225,140.1167777777778
37.13333333333333,138.75:45.81666666666667,9.083333333333334|35.7935,139.56530555555557
35.41919444444444,137.18325:44.285555555555554,11.883333333333333
35.79961111111111,139.4686111111111:37.38333333333333,126.93333333333334|31.811111111111114,119.9738888888889|39.84142222222223,-88.95588055555555
34.06666666666667,134.55:39.75,-8.8|43.41777777777777,-83.96444444444445
35.689722222222215,139.69222222222223:39.906666666666666,116.39750000000001|52.519999999999996,13.405000000000001|30.033333333333335,31.233333333333334|-6.2,106.81666666666666|51.507222222222225,-0.1275|55.755833333333335,37.617222222222225|-32.0,147.0|40.71277777777778,-74.00611111111111|-23.533333333333335,-46.63333333333333|37.56666666666667,126.96666666666667
35.78333333333333,139.8:-31.945,115.92694444444444|36.567083333333336,139.74505555555555|37.230111111111114,138.9614722222222|36.74458333333333,138.41269444444444
35.733333333333334,139.78333333333333:48.21805555555556,16.483055555555556|38.916666666666664,121.65138888888889
35.71666666666667,139.75:41.036944444444444,28.9775|49.44472222222222,7.768888888888889
35.7,139.88333333333333:-33.292833333333334,151.18866666666668
35.766666666666666,139.68333333333334:43.31666666666667,-79.8
35.733333333333334,139.85:39.85861111111111,116.28666666666666|48.28333333333333,16.41222222222222|37.56388888888888,126.90833333333335
35.735622222222226,139.65165833333333:39.96,116.29833333333333|-27.61121388888889,152.76165277777778
35.561255555555555,139.71605:39.925555555555555,116.44166666666668|42.519444444444446,-70.89722222222223
35.64657222222222,139.65324722222223:-33.34,115.64194444444445|48.26638888888889,16.322777777777777|49.88444444444444,-97.1463888888889
35.659444444444446,139.70055555555555:41.02398888888889,29.01652222222222
35.6,139.73333333333332:43.666666666666664,-70.26666666666667
35.70138888888889,139.7097222222222:39.92305555555555,116.41111111111111|35.82752777777778,137.9539722222222|38.83388888888889,20.70861111111111|52.516666666666666,13.366666666666667
35.712500000000006,139.78:55.733333333333334,12.483333333333333|48.209722222222226,16.37|-33.75,151.28333333333333|38.577111111111115,140.95558333333332
42.63333333333333,141.6:35.666444444444444,139.316|-39.483333333333334,176.91666666666666|36.719833333333334,139.69816666666668
36.6475,136.9622222222222:52.25,4.55|41.117777777777775,122.06527777777778|40.65555555555555,29.275
33.38333333333333,130.5:51.047777777777775,12.138333333333334
35.5,134.23333333333332:36.63333333333333,127.48333333333333|50.132777777777775,8.916944444444443|34.81666666666667,134.68333333333334|34.15,132.18333333333334|37.400444444444446,140.35972222222222|42.983333333333334,144.38333333333333
36.69591666666666,137.21369444444443:-32.25,148.6|35.98861111111111,-78.90722222222223|-23.522777777777776,-46.19305555555555
34.76916666666666,137.39152777777778:55.733333333333334,24.35|41.66555555555556,-83.57527777777777
34.78333333333333,135.46666666666667:26.334166666666665,127.80555555555556|37.55416666666667,-122.31305555555555
35.08244444444445,137.15633333333335:53.13333333333333,-1.6|42.331388888888895,-83.04583333333333|52.8,-1.5333333333333332
34.718444444444444,136.50572222222223:-23.532777777777778,-46.79194444444444|32.18805555555555,119.4238888888889
37.67308333333333,138.88222222222223:41.95722222222223,-83.65972222222223|43.75,-87.72500000000001
36.08347222222223,140.07644444444443:42.37361111111111,-71.11055555555555|45.17166666666667,5.7225|33.669444444444444,-117.82305555555556|37.43472222222222,-121.89500000000001|22.54138888888889,114.05972222222222
35.64519444444444,136.05550000000002:37.52472222222222,129.11416666666665|42.81666666666667,132.86666666666667|28.65583333333333,121.42083333333333
33.95,131.25:39.98305555555556,-0.03305555555555556|-32.91861111111111,151.76916666666668|37.513333333333335,122.12055555555555
36.40188888888889,138.24908333333332:39.95333333333333,-105.05194444444444|46.8,9.833333333333334|37.14786111111111,138.2360833333333|35.319722222222225,139.5525|34.28333333333333,135.56666666666666|35.55,134.81666666666666
34.88444444444444,135.79972222222221:50.67611111111111,-120.34083333333332|6.966666666666667,80.76666666666667|34.330000000000005,108.7088888888889
32.833333333333336,130.18333333333334:35.20944444444445,127.46444444444445
35.65394444444444,139.90216666666666:28.540000000000003,-81.38
35.97936111111111,140.14955555555554:43.583333333333336,11.316666666666666|36.53827777777778,140.53091666666668|-33.28333333333333,149.1|38.547666666666665,140.8498888888889|60.71666666666667,-135.05
36.55511111111111,139.88255555555557:-36.84055555555556,174.73999999999998|47.902499999999996,1.9088888888888889|47.355000000000004,123.91833333333334|36.13138888888889,-95.93722222222223
34.233333333333334,135.16666666666666:35.36666666666667,-119.01666666666667|33.51277777777778,126.52333333333333|36.67027777777778,117.02083333333333|49.166666666666664,-123.13333333333334
35.78122222222222,139.60569444444445:46.14,-122.9375
35.825583333333334,139.6797222222222:38.78333333333333,-120.53333333333333
35.72241666666667,140.0998888888889:32.35,-95.3
34.86694444444444,138.32472222222222:-42.897777777777776,147.28777777777776
38.25541666666667,140.3396111111111:40.015,-105.27055555555556|43.838055555555556,126.54972222222221|47.44638888888888,12.391944444444444|-35.05,142.91666666666666|51.833333333333336,107.6
34.18333333333333,131.46666666666667:35.270833333333336,128.66305555555556|36.45,127.11666666666666|36.67027777777778,117.02083333333333|42.81666666666667,-1.65
35.483333333333334,139.45:37.476111111111116,126.86611111111111
34.626869444444445,135.6009861111111:47.614444444444445,-122.19250000000001
34.86666666666667,135.7:34.363055555555555,107.23805555555556|41.29333333333333,-82.60138888888888
43.2,140.78333333333333:55.93333333333333,-4.216666666666667
35.44416666666666,139.63805555555555:44.166666666666664,28.633333333333333|45.766666666666666,4.833333333333333|14.595833333333333,120.97722222222222|18.974999999999998,72.82583333333334|46.48572222222222,30.743444444444446|32.715,-117.16250000000001|31.22861111111111,121.47472222222223|49.25,-123.1
35.25,139.66666666666666:48.38333333333333,-4.483333333333333|27.74277777777778,-97.40194444444445|-32.05694444444444,115.74388888888889|51.38333333333333,0.5333333333333333
35.43333333333333,133.33333333333334:38.206944444444446,128.59194444444447
35.89386111111111,139.84141666666667:45.419444444444444,-122.6675
35.15,139.06666666666666:36.96666666666667,127.95|-32.75,151.91666666666666
39.16408333333333,140.49483333333333:46.25694444444444,17.098055555555554|42.983333333333334,144.38333333333333
35.483333333333334,139.4:35.97944444444445,-86.52111111111111
